50
182  37  12
837  14  25
374  29  28
786  30  10
548  38  13
501  36  24
502  35  24
503  35  25
504  28  12
505  27  14
506  26  12
507  20  27
508  14  30
509  37  12
510  14  25
511  29  28
512  30  10
513  38  13
514  36  24
515  35  24
516  35  25
517  28  12
518  27  14
519  26  12
520  20  27
521  14  30
522  37  12
523  14  25
524  29  28
525  30  10
526  38  13
567  36  24
527  34  24
528  35  25
529  20  27
530  15  34
531  31  21
532  22  25
533  24  39
534  14  30
535  20  28
536  35  34
537  17  38
538  20  31
539  18  19
540  49  21
541  34  15
542  23  31
543  31  21
544  11  3